12.521711 -68395.481049
17.758333 -68295.809187
34.851610 -68295.808823
75.466518 -68279.271698
148.305592 -68276.291378
170.845396 -68262.077639
196.310141 -68258.484960
217.883356 -68251.673934
239.393240 -68249.246466
260.728670 -68245.849129
279.391857 -68245.322800
299.212334 -68237.947359
317.053782 -68237.173003
330.614271 -68236.680906
340.481754 -68235.843611
365.477957 -68219.821917
391.327883 -68218.891449
417.932013 -68218.411295
440.900095 -68200.385457
456.114822 -68200.385457
474.150032 -68200.385456
524.602745 -68200.385456
608.953142 -68200.385456
